[2, 768, 197, 3, 3] = vit_base
[2, 384, 197, 3, 3] = vit_small
[2, 196, 1024, 3, 3] = wideresnet50

vit
[2, 384, 197, 3, 3]                                                                                                                                        | 0/105 [00:00<?, ?it/s]
(2, 197, 384, 197, 3, 3)
[197, 384]

resnet
[2, 196, 1024, 3, 3]                                                                                                                                      | 0/105 [00:00<?, ?it/s]
(2, 14, 14, 1024, 3, 3)
[14, 14]